{0, 1, 2, 3, 1, 4, 5, 6, 2, 5, 7, 8, 3, 6, 8, 9, 1, 4, 5, 6, 10, 11, 12, 13, 14, 15, 16, 17, 18, 19, 20, 21, 2, 5, 7, 8, 14, 15, 16, 17, 22, 23, 24, 25, 26, 27, 28, 29, 3, 6, 8, 9, 18, 19, 20, 21, 26, 27, 28, 29, 30, 31, 32, 33, 1, 10, 14, 18, 4, 11, 15, 19, 5, 12, 16, 20, 6, 13, 17, 21, 4, 11, 15, 19, 11, 34, 35, 36, 15, 35, 37, 38, 19, 36, 38, 39, 5, 12, 16, 20, 15, 35, 37, 38, 23, 40, 41, 42, 27, 43, 44, 45, 6, 13, 17, 21, 19, 36, 38, 39, 27, 43, 44, 45, 31, 46, 47, 48, 2, 14, 22, 26, 5, 15, 23, 27, 7, 16, 24, 28, 8, 17, 25, 29, 5, 15, 23, 27, 12, 35, 40, 43, 16, 37, 41, 44, 20, 38, 42, 45, 7, 16, 24, 28, 16, 37, 41, 44, 24, 41, 49, 50, 28, 44, 50, 51, 8, 17, 25, 29, 20, 38, 42, 45, 28, 44, 50, 51, 32, 47, 52, 53, 3, 18, 26, 30, 6, 19, 27, 31, 8, 20, 28, 32, 9, 21, 29, 33, 6, 19, 27, 31, 13, 36, 43, 46, 17, 38, 44, 47, 21, 39, 45, 48, 8, 20, 28, 32, 17, 38, 44, 47, 25, 42, 50, 52, 29, 45, 51, 53, 9, 21, 29, 33, 21, 39, 45, 48, 29, 45, 51, 53, 33, 48, 53, 54}
